Lista de Documentos para teste de Host a Host:

- CPF

01037551605
01355468698
01515488705
01991030703
02470000785
02791116060
03246666679
03657074813
03791768409
04292587639 
04899865791
05187061763
05768973702
08493630713
11438432828
17614934857
18267032843
19210617827
20249633825
21553500822
21850237808
22353625835
25429106852
27314199892
27338117896
30821125877
32253746878
33333333333
34408430846
35172707840
38845741400
42718023449
47760672934
55825575715 
62015834087
69915890800
77768043120 
81690029749
84541512149
89074548091
89539389453


CMC7 para testes de consultas envolvendo cheque:

42924057191 - CMC7 35604096 0182027655 900070047766;
03953635603 - CMC7 35604095 0182027665 900070047766;
25998703804 - CMC7 23717731 0180004875 977521197226;
68092792887 - CMC7 40906117 0181003725 700021962303;
35172707840 - CMC7 23700856 0000002195 977502260944;


- CNPJ

00113233000109
00114741000101
02117943000124
02903762000123
02996252000148
03456789000340
03693282000148
05668311000147
06297530000120
08049339000194
08836917000132
17872656000105
31659485000153
32563074000122
50812471000101
64331739000169
64388507000147
64447238000142
06297530000120
50812471000101

